$ANSIBLE_VAULT;1.1;AES256
61613965626339376539626130366138343365303535326261623337393339626333353039323634
3037386536326263616266306362316235303239623164320a333332336335636635306130613332
61663666376137336462633762313634333234613830323262393330316362346562336265396464
6661326165383935660a353661633965353262363063366564353133373561653161356665613966
62346363353661653066383538643564646237313666636562306463356464363062356139363032
36326636306166623032653534626635383333343031643666366163643934663666326331613665
33306136643235366533623931633962666364343561633336623839323966653639363439373465
63636436363462313566373563303361613038316636653266623365333430636235373364656430
31306533383438353265353465636439316461633632653834356634353234313236333864383162
32346466643261326361343263373039353837616434643438353433663363363363316261633561
33613364343030366337393931336639336432643661313134306635653637363461393261343131
34306539623734636234316637393166393039336435343531313562646363643034323131366263
35373864626433346366373534643562316432613938323036393138326436313738393135313632
30326333363232326537313865653730623661613262663734646664643531383530383934616262
38303834663338646332316235376461643137343432616638613136643433323866616434613563
31366138623561653939653264373537383934386361623364626534376663613332343137353130
62643263323630326230623332613865356434303866323264323864376666663534326166663564
39613930373762303063383031316432303530613961636438626164626362623163323931613435
64663136366131313639333230306161333133316536363363376262346666633434363364363963
31636239346338343563316138333666386636336532333863376564333134333565363161363432
35343034343337666139376666666263306139396631646337326336393036313336653133646364
32326363383233313361653365383766663730626231633135333163306139626632613463636639
63353362323264616461306138656537396166643937373563623966376132343562643461316636
30663335373864346537393439666332303462346238316239396331653934663634363631326464
62666161623636306432356235346533316161353165376162633439323639376563623465373761
33316265313235386261613133303764656663666430663435666430633461393437646533663464
35613431363536393062333939636233386531366537393831306361353635386165323731663266
64643063663566663362663361633763633431663765343634336635333432616336623132633135
36383831373032333738326333633763616663333964396262306261383636623761326566656333
65623464386534316234383736633566343832313563613736663235613936626337323366613838
62373866313863306164643536626565323066663930336237633438393036303962613836326365
35366338353761353631316636356633633636633866363137306666303365613166653161353261
37323630346537303234343962666632386131626161646637333134646234373139313763303836
65383035336365356366363132363437633637383337646164623262333331343466333166303330
32613763373930653164373230623762336536323765313163666363393835653135303062636631
35356165646530396436333732623439653432376236363962316139373337353664353434333561
61633031643730376334383861356163333932373937653564323131646337366465343366303136
31393434366235316365653739343163663564363638313739383436633261643364656561363362
66326564343230633662313038636234363035323736323633613963373931376264343138666135
37663439356439323437396434616131306231653536656633356464613233633366623136366162
65303963393432336232623035343030666261356132393863646139383131323739343430613431
36313631353063663839303361396634386536613138616439666265626636333332313538323334
61636233616134663731373435303935653565366438653164663535303263383163303035626434
34646462343264363130336538353662626466396463336630636239326637333861373531616233
63626135643735666366333762313062653136343430303738343361633462306339306262313733
39633466356235306337653563343166353733386537663030613338653630343939313138336366
65623630656563636562616635353433396163303738663133383665633632303961633366623733
34666433316164346130646439333061353831656233303234646435386662356339663962653666
35633537326261353037346437653063643132343531633866373531323062373265313163633466
62333932636138386530653963373664636363313863323063363866313039313037393730323764
31316139363335613662323562333565636133633530346131376466653738613434313537393332
64623737373339633034373530313062353465336132336162316431396637346461633131663731
33366438336238636163313432313366366661656237393937663161613663626130623366313065
65383032306132343830326335356461396661383439303431646666366230633361313035316262
36633065666238643665323532393133313330396134316364653035663334626565343966653631
33366534363962353039376237316336313337396336326530643933303764653363643630323666
30616261323632326331363030323638623664666133303834316135386562656261303432643566
33323232383930636364346262373431616632336439336430373335383834303465366531623165
34366639303131343031336237363233356661663062623565333139323365653630666235663362
62323338386130616432626238396332323364343437353036383062343437613964343333336163
61343231653963313565323338303761306632333633613037336565616363633965366637303937
63386139333866396636356433623238306131346662653139653361313933643564646364313437
33303835356333636566623663646437643932383233363137366237626332306162383464303630
32386464343538373131623737643663353431313462633331666438613334356165666463343330
62343163346331636362663031393862373236363538333331616638376164613663363939376432
63666433633539653239333034383535626634626435393664646132663838383763623064613934
64323430323261653035393766343963636362633261353233336230613331323664356163376431
66356137316439643962316631353965376538613363656433626331333436353030393663663662
66376237613463333332323135313435613437363763626339396664356336376537646339376565
38643730336532336530373165653866333062343638646437356433333566643761376230613531
61353939393965346132393063366437633134346130346132343634656539303531656134363630
62626639666663366235353464353036323534356265623630393235343436616235373661656134
32303963646361316263303232353533333534663036656364393466353666643133306534613334
37623865393938646234396665633233633237623132626163333832366261376162653563366139
61626334343931626137613835616536393365333239663932613138616366653839356162646631
31623934326530336564336134306361326432333732376435376265353030663931333766363064
34396465666637353639653334366135623830343366376564303566613535636531396231323933
34393864376161616138326266333264633965383630363361383238323039343761616437386339
37386332346336663135663462363166326262633430356430393665663331303666633137383835
38656133333531656163343961653563313133386637396338666565303530363861313432383235
37376433653263383361643631303064393831646439336131656435613664626438653437343330
64653234613438346234373066616635653465643162353937356238326165373435343766663361
37383735393434623330313030343165633664323434373730326532303236653436633132623565
39383263363737313431303938336332613933346238343839616338393735373161613839333534
33643639316163383061643238346238373537623733656662643737383561353966373161376261
63393632663630346335323139643931656232336261666138646432396234633336316432303236
32663233366432636161333638636636393164373563333033396132386638646634303161666563
63373438383535343033333833633833383138323935376639636463343635313666643661366332
61313333323735353538653432633265643638313663656639633739386234396238623138396631
39306238636666353866373838393435623739346139346337613630353363386662333533346661
35643639333235303038376363316439613230373361363839336436303537343833616464313265
38343231653238656461666365613461326161663064363734386237393734373363316661623232
36393264343261363834333663323037636665616134363937323363303064383430396631353337
36366136343731343966316432646264623237383966343261306435343432306361333336646538
32336264653061333738616138363535363665376162336532393163353938613635303636303137
38323637353538616335333135343264636431623135356431356665663865343935663038373234
31363565363766643332323531623564613235313565653233623636306235666439656436373335
39643737323166616332636236643866323866653163303862666232633766616365366538653132
30326161323938346663383436306264373263353335666639316437656133383933626636623761
32616132613539663939633632363037633963626365373730316533343461623730336262643037
61326364316461666134303965653139343866353862373933306533303531653464653237353938
65656439623630356334646138346132353736633262333738323165613430326637633231323666
63333065356334326231323131633034656666393832393963386639626538323965633738393561
61656138363562343536356433376262313835393266313534303661376632333337353865643434
63356261633134643834373363326264646337363961396563313133623963366435386435323763
64646164613937356664633533333664326464393330346136343836663232366664323433393264
35323839396439613838653162616230363037343536386563336433343966323764383166353930
64376534613662303032323962336437353031303262613034313565386465613265366535396361
37653837636433643139663730356635343331616239333634623332303534323836353935633961
65363537363130353561646534613132626538383533353432393130623365396164396332616166
37623831346339326437326463323833663265623834623830613837306262353333623234663536
36656433313734633631323265323933373437343566613335323266313733313538363930396332
62623235323162626230383330376630613633616562653261326464393462363232303165363766
30633932636165623733373937633962383862373363316164343763636565623565613437353864
30653964633833373038366430616531643163643265303266396431613034363264346437343062
61313530323864623232656565343263376462343035396434613964366335653839313265643534
30376135323733643537373635623166666633363133343130353561373136323735663032643339
38396466623663353536643932656531643436313639623138346263393735653137633439663666
65353130646165323833643437636331343461623839626261366131346432663237666366383665
37646135323335653135393538386231383765336262303362383663363332376432643333336464
32656331333238333138323733353963626335323366653064343933326336646635323338336435
39313834303462643865303331616162306333633561656465383934373238633064343063363836
32393365656262306631363036373563613337663336326530393434393164353033313632343462
37373134346163323831613732303833343132613764383134323638613261303130613564633631
65626230353065643830396362396464336137313065343135323638643838373835363162616566
64666432343838616135333530353830633234353965626336646164623862393735353935643939
37646136643639396132346431336332356434633333313364363063666563353938656461393739
65303066306337363132333963636337643230343038323734643264353235356564303637646236
33386466363835623665313265356164613061636266366130306135626362343138343633316565
63383665366239616431353062343134336539623934616232373965623431653134386262663463
66623336366133373631366237313236383235323863396261663661363534316330666339623838
65653935316537663934353033373739373661613664396637663539313161393033653534653665
32373361663463303938623366376539623661653731383762393364316235663334346465373961
37363637313434646565323936333666373838306463616431373364326436643535616464663862
373962376438353939333764343266383763
